-3.0842
-4.306
-4.0935
1.8122
0.28934
-13.176
0.97799
1.1166
-7.1239
-4.6314
-3.9371
-4.6114
-3.3417
-4.7532
1.2694
3.7523
1.2446
1.872
0.58633
-19.64
-2.8187
0.23597
-2.1687
-1.3236
-7.3397
-12.304
-11.782
-10.899
-8.6424
-3.3546
0.17966
2.5801
-1.8682
-9.8657
-1.4565
-0.51869
1.2601
2.197
3.2459
-0.94007
-0.50408
3.8601
-1.7315
-5.3081
-1.4573
-3.3761
-11.02
-15.394
-4.361
-4.1754
-2.2379
-0.26161
1.0948
1.8496
2.2479
1.3653
-0.56947
-0.66391
0.60572
-2.7991
-1.9121
-2.7742
-2.8527
-4.5302
-1.438
-1.2019
-4.5721
-1.5613
-15.747
-8.1606
-9.3687
-9.7843
-12.716
-12.779
-2.1592
1.9882
-7.255
-0.51514
4.4265
1.1241
-2.5333
-0.79741
-2.2351
-2.6118
-5.4728
-2.2571
3.0217
-4.9546
0.42972
4.0585
1.9394
0.63315
4.5225
4.1695
-1.6905
0.54751
2.0497
-1.2152
-1.0216
0.78522
-1.9587
-2.0427
-0.049765
-3.068
-7.0672
-2.8912
-2.9962
-10.147
-4.5723
-4.6005
-4.3919
-5.1611
-6.663
-2.8508
-4.8497
-2.9453
-4.4997
-3.0183
-6.2304
-8.0558
-3.9898
-3.7576
-6.9781
-5.1293
-0.5718
4.0507
3.6288
0.52171
-1.4309
1.6111
2.8022
0.50382
2.4134
-0.81142
-6.3032
-4.5754
-3.4282
-1.4478
1.6297
1.6269
-0.095437
-1.6417
-0.78077
0.96363
2.4609
1.8963
-0.063736
0.28063
1.7608
-1.0959
0.72326
-0.23542
-7.5635
-1.4753
-3.5055
-1.0742
-0.90377
-2.8161
0.13161
-0.10529
-1.5354
-0.78719
1.8706
-2.0744
-2.1766
-0.40903
-0.47172
-1.0247
0.49089
-0.27397
-2.3194
1.4739
-3.0145
-1.1366
-2.0426
-5.2281
-8.915
-4.9513
-2.7584
-4.0424
-7.3598
-11.04
-2.0531
-2.4122
-0.79245
-2.8768
1.0736
1.2968
-5.5834
-9.3758
