0.18083
-0.49672
1.5669
1.3382
-4.6476
-2.3615
-2.8453
-2.2852
2.8874
1.7379
-12.526
0.36161
1.2098
-5.6778
-3.8476
-1.4324
-0.055987
0.21894
-2.8999
1.6036
3.0519
-0.47637
-0.38748
-0.71367
-19.093
-1.9896
2.1117
0.25963
0.28174
-6.294
-9.7286
-8.1614
-2.9878
-0.76779
1.9165
1.8909
2.634
-3.5896
-11.198
-1.335
0.84495
1.8675
1.2812
2.0712
-1.782
-2.3867
2.4703
-1.6479
-5.11
-1.0473
-0.29131
-6.9372
-12.013
0.59544
1.5925
0.33221
0.39407
1.2393
0.85702
0.57828
0.0042761
-1.1687
-1.1493
0.88819
-1.9353
-0.74949
-1.4723
-0.51395
-2.5498
0.32807
0.82294
-2.7773
-0.24496
-13.443
-4.2046
-4.7313
-0.51762
-3.9565
-5.2822
1.1535
4.5655
-7.2289
-1.9636
2.6346
0.54346
-3.5695
-1.4993
-0.95046
-0.22688
-3.197
-1.5112
4.3282
-4.004
-0.51069
2.5323
1.5419
-0.77058
1.9643
2.2694
-3.1208
-1.2485
1.2555
-0.76418
-1.1549
0.9048
-0.89721
-1.5009
0.2151
-1.3567
-5.0429
-1.0822
0.54266
-6.034
-1.507
-1.0415
0.16846
-2.1287
-3.9459
0.61472
-1.5377
-0.49697
-2.1713
-0.048439
-3.2635
-4.9629
-0.83131
0.99283
-2.9565
-2.1183
-0.03405
3.1652
1.8196
-1.0556
-2.6828
0.4114
2.2967
-0.53155
1.1981
-1.425
-5.9977
-3.6808
-0.67842
0.68093
2.3545
1.3028
-0.70755
-2.5107
-0.98079
0.81307
1.8865
1.1491
-0.79038
-0.92373
1.1519
-1.3947
0.35356
0.17228
-6.492
-0.25267
-1.7868
0.99617
0.63901
-1.812
0.60064
0.21834
-1.1099
-0.95458
1.962
-1.502
-1.884
-0.30283
0.66097
-0.47296
0.52094
0.27026
-2.2071
1.4306
-2.6337
-0.33645
-1.2022
-2.708
-6.1111
-1.5133
1.3111
0.3431
-4.2717
-8.1121
1.1073
0.16253
1.2907
-1.924
1.4263
1.0344
-5.5297
-8.8006
-1.37
