-1.0227
-9.5665
2.3838
-1.5186
0.68501
1.2995
-3.7779
1.1469
-0.78853
-2.9042
1.9516
0.67436
-11.784
2.086
1.0024
-5.0265
0.39722
0.45902
-0.43399
0.5852
-3.5693
0.24759
1.4817
-1.338
0.56321
1.0549
-16.997
-0.088889
1.6493
-1.0502
1.4616
-3.5056
-2.7839
-0.18781
-1.0712
-1.9172
0.23307
0.14103
1.6984
-2.6843
-7.1492
0.56143
-0.70349
0.2136
-0.07078
1.3403
-1.6327
-1.9419
2.5725
-2.0899
-2.7012
1.7409
0.17094
-4.2615
-7.2448
1.7044
-0.071666
-0.61408
-0.15656
0.34607
0.029559
0.24719
0.21392
-0.50866
-0.50751
1.3505
-1.6597
0.6355
-0.33169
0.40538
-1.675
0.76146
0.86958
-2.2938
2.4635
-10.837
2.1474
-0.48751
0.24564
-1.2511
-4.8791
-0.22898
2.8024
-8.0345
-1.39
2.1885
-0.73353
-2.0739
1.0102
-0.34994
0.52761
-2.3062
-2.3232
3.1029
-5.4457
-1.3893
1.1382
-0.095481
-1.8708
0.91164
1.2354
-3.0203
-0.12999
1.4014
-1.2266
-0.62423
1.3477
-0.94401
-0.63793
1.2663
-0.58876
-2.908
1.0761
1.1091
-5.1012
1.3857
-0.10595
0.36436
-0.45325
-2.2414
1.9321
-1.496
0.62921
-0.81786
1.1711
-1.4788
-2.2974
0.9325
0.93112
-2.5601
-1.7246
-1.4486
1.3287
0.40758
-0.76007
-1.7276
0.025528
1.1862
-1.4049
1.5285
-0.53599
-3.2203
-0.15303
-0.54146
-0.73612
0.98824
0.33019
-0.30202
-1.1317
-0.63566
-0.15248
0.62737
0.37055
-0.65769
-0.52517
1.2882
-1.623
0.8296
0.94287
-5.4116
2.1213
-1.631
0.62375
0.65881
-1.8777
1.0247
0.15477
-0.8925
-0.71196
1.7872
-1.6767
-0.65268
0.44052
0.25574
-0.69937
0.59788
0.37621
-2.0419
2.1691
-2.5294
0.95081
0.27733
-0.97087
-2.7602
0.26548
0.99355
0.18
-1.8301
-5.0107
2.1257
-1.0571
1.0092
-1.9853
1.2045
0.9398
-3.8282
-4.2461
-0.67969
